initial_pose_x= 0.254343
initial_pose_y= 16.546417
initial_pose_a= -1.480880
